1140
-0.00082204
-0.0061344
0.0025487
0.0047024
-0.061339
-0.074782
-0.02708
-0.029352
-0.033087
-0.027267
-0.029826
-0.0231
-0.0047476
0.0021994
-0.00064518
-0.00010674
-0.00023878
-0.00066143
-0.0010774
-0.00090882
-0.00055596
-0.0001931
5.2499e-05
0.00022724
0.00022873
0.00032718
0.00039853
0.00031837
2.9229e-05
-0.00011583
-0.0011115
-0.0020007
-0.0012861
0.00038192
0.0018176
0.0020275
-0.0027585
-0.0027476
0.0039138
0.0014426
-0.019696
0.046508
-0.079369
-0.43331
-0.32828
-0.041881
-0.014765
-0.010602
0.0023001
0.0048113
0.0024829
-0.002302
-0.0027583
-0.0029754
-0.0016628
0.00021097
0.0006355
-0.00022312
-0.00081972
-0.0011954
-0.0012695
-0.0014079
-0.0014001
-0.0012339
-0.00094402
-0.00078528
-0.00059936
-0.00015055
0.00036774
0.00045082
0.00017747
-0.00017515
-0.00024586
-0.00086712
0.0006071
0.0082277
0.016821
0.02102
0.023813
0.02491
0.024355
0.03568
0.045091
0.029317
0.010596
0.004009
0.0020364
0.0015078
0.00099347
0.00098854
0.00123
0.0012274
0.0010607
0.00077084
0.00058266
0.0006981
0.00089721
0.00095174
0.00091311
0.00084119
0.00073974
0.00061531
0.00048439
0.0003731
0.00029386
0.00022624
0.00012323
-7.5891e-05
-0.00040521
-0.00086161
-0.001439
-0.0021008
-0.0028238
-0.0039324
-0.0054706
-0.0066858
-0.0071529
-0.0071161
-0.0067099
-0.0063068
-0.0062581
-0.005494
-0.0035891
-0.0019055
-0.0010586
-0.00074492
-0.00062721
-0.00055612
-0.00050816
-0.00046308
-0.00047408
-0.00045889
-0.00039927
-0.000386
-0.00039467
-0.00038833
-0.00036627
-0.00033068
-0.00028756
-0.00024196
-0.00018948
-0.00013117
-6.8119e-05
6.4962e-06
9.8168e-05
0.000215
0.00036986
0.00056112
0.00077337
0.00099305
0.0012035
0.0013939
0.0015825
0.0017452
0.0018073
0.001759
0.001646
0.0014777
0.0012833
0.0010957
0.00087104
0.00061697
0.00042298
0.00031764
0.00026439
0.00023453
0.0002202
0.00020155
0.00018312
0.0001821
0.00018806
0.00017182
0.00013299
0.00013096
0.00014115
0.00011699
9.6957e-05
8.0204e-05
5.0655e-05
2.2019e-05
-7.9673e-06
-4.5779e-05
-8.5223e-05
-0.00012819
-0.00017896
-0.00023307
-0.00028728
-0.0003392
-0.00038391
-0.00041915
-0.00044336
-0.00045452
-0.00045229
-0.00043509
-0.00040009
-0.00035516
-0.00031009
-0.00026394
-0.00021752
-0.00017737
-0.00014346
-0.00011525
-0.00010016
-9.4448e-05
-8.4448e-05
-7.5427e-05
-7.3858e-05
-7.1032e-05
-6.597e-05
-6.6229e-05
-5.9545e-05
-4.3726e-05
-4.0812e-05
-4.9409e-05
-4.3936e-05
-1.5647e-05
-6.4081e-07
-5.2829e-06
4.7649e-06
1.9523e-05
2.8816e-05
4.4927e-05
6.1762e-05
7.4909e-05
8.9337e-05
0.00010044
0.00010634
0.00011158
0.00011424
0.00011348
0.00011003
0.00010271
9.3967e-05
8.455e-05
7.3434e-05
6.3082e-05
5.5729e-05
4.7219e-05
3.7525e-05
3.3115e-05
3.0733e-05
2.6312e-05
2.4625e-05
2.4122e-05
2.0708e-05
1.9386e-05
2.149e-05
1.9249e-05
1.3999e-05
1.107e-05
9.7291e-06
8.6019e-06
9.1506e-06
6.479e-06
-4.2319e-06
-9.8048e-06
-3.3759e-06
3.6063e-07
-1.3058e-05
-2.7556e-05
-2.4239e-05
-2.1619e-05
-2.5688e-05
-2.4321e-05
-2.4825e-05
-2.89e-05
-2.885e-05
-2.892e-05
-3.0034e-05
-2.6131e-05
-2.1873e-05
-1.9432e-05
-1.5941e-05
-1.41e-05
-1.1953e-05
-8.0881e-06
-5.6812e-06
-4.7682e-06
-2.6556e-06
-2.1058e-06
-2.7425e-06
1.6459e-06
4.7853e-06
4.1172e-06
9.5035e-06
1.5039e-05
1.2764e-05
1.1437e-05
1.1249e-05
7.1597e-06
6.2661e-06
8.2288e-06
9.5739e-06
1.1738e-05
1.1133e-05
7.5583e-06
6.9797e-06
1.2261e-05
1.6035e-05
1.2471e-05
5.5072e-06
6.0825e-06
1.5747e-05
1.7258e-05
1.1564e-05
1.0358e-05
7.5939e-06
4.065e-06
6.026e-06
6.3093e-06
4.8507e-06
7.725e-06
6.9902e-06
3.2616e-06
3.0959e-06
9.7919e-07
-8.1794e-07
2.5058e-07
-1.4122e-06
-4.6024e-06
-5.0094e-06
-5.6895e-06
-5.8693e-06
-3.5115e-06
-5.1912e-06
-7.2717e-06
-4.3992e-06
-4.2453e-06
-5.7824e-06
-3.4689e-06
-3.6498e-06
-5.8691e-06
-3.3114e-06
-2.3756e-06
-4.1053e-06
-4.171e-06
-6.4384e-06
-7.2402e-06
-3.904e-06
-1.7465e-06
-3.1852e-06
-5.8713e-06
-6.5068e-06
-2.0209e-06
2.3561e-06
-2.1105e-06
-7.2523e-06
-5.4368e-06
-3.3987e-06
-1.7715e-06
1.6001e-06
1.6445e-06
-6.5907e-08
3.7215e-07
-1.2413e-06
-2.4566e-06
-5.9545e-07
-9.6278e-07
7.3962e-07
3.6863e-06
1.4069e-06
-4.032e-07
2.4771e-06
3.446e-06
2.5867e-06
2.3405e-06
9.8138e-08
-2.6121e-07
1.3821e-06
1.3691e-07
-3.2723e-09
1.8701e-06
5.3861e-07
4.2498e-07
2.2147e-06
-1.6704e-07
-1.4875e-06
7.1349e-07
-1.7681e-08
8.4339e-07
2.8383e-06
1.594e-06
-4.1749e-07
-1.9113e-06
-1.2035e-06
2.2427e-06
9.0942e-07
-4.212e-06
-3.1901e-06
7.3133e-07
2.0539e-06
1.4823e-06
-1.4652e-07
-2.5922e-06
-3.6856e-06
-3.1655e-06
-1.6465e-06
-1.1706e-06
-8.2229e-07
2.8311e-07
1.1128e-06
-3.8247e-07
-3.4275e-06
-2.909e-06
3.0465e-07
-3.6639e-07
-3.9909e-06
-3.1999e-06
-1.6857e-06
-1.6877e-06
-4.0693e-07
-6.1861e-07
-8.6591e-07
1.6117e-07
-1.2175e-06
-1.7167e-06
-4.3411e-07
-2.426e-06
-1.4008e-06
1.7858e-06
-9.9731e-07
-1.2695e-06
2.9358e-07
-2.1905e-06
-3.3298e-06
-1.8105e-06
1.6639e-07
2.3915e-06
-8.8978e-07
-3.401e-06
1.4076e-06
2.2497e-06
-3.8297e-07
-1.7968e-06
-2.9837e-06
-2.2946e-06
2.9612e-07
4.9547e-07
1.6091e-06
8.1965e-07
-1.1877e-06
1.9996e-07
-1.0929e-06
-3.2607e-06
-1.8645e-06
8.0709e-07
1.1368e-06
-3.3918e-07
-2.3296e-06
7.9868e-07
2.4027e-06
-4.2606e-07
5.6336e-08
-1.3539e-07
-1.2029e-06
-1.3627e-06
-1.9302e-06
-1.5367e-06
3.7716e-07
-8.353e-07
-1.693e-07
5.7797e-07
-2.6779e-06
-1.2507e-06
8.9251e-08
-1.3289e-06
-4.4893e-07
1.768e-06
1.344e-06
-4.8638e-08
-2.848e-06
-2.182e-06
1.8148e-06
-7.6707e-07
-2.648e-06
-1.0274e-06
1.4861e-07
1.1962e-06
1.7817e-06
-1.9138e-07
-4.3873e-07
-8.5148e-07
-2.2031e-06
4.5959e-11
-5.6656e-07
-8.8367e-07
1.857e-06
1.66e-06
-5.9771e-07
-8.5414e-07
-9.3157e-07
7.2921e-07
3.2419e-07
-2.2527e-06
-3.5e-07
2.2114e-07
-8.0443e-07
3.0149e-07
1.0939e-06
1.5411e-06
1.9117e-06
-2.5488e-07
7.348e-08
1.828e-07
-1.0401e-06
1.2436e-06
9.567e-07
4.577e-07
9.7211e-07
3.9263e-07
-7.6216e-07
-1.3604e-06
-8.9466e-07
1.6032e-06
2.5437e-06
-8.5853e-08
6.8385e-07
1.4344e-06
1.7029e-06
8.5698e-07
-1.8075e-07
-4.3521e-07
-7.5121e-07
1.0553e-06
8.4682e-07
1.7026e-06
2.0916e-06
1.0115e-06
2.0073e-06
6.9658e-07
-8.2312e-07
1.4464e-06
2.1991e-06
1.1935e-06
1.7445e-06
1.1146e-06
2.4256e-06
3.4995e-06
9.3226e-07
2.613e-06
2.8039e-06
1.2186e-06
2.517e-06
1.2286e-06
3.4971e-06
4.9689e-06
3.9997e-06
5.2457e-06
3.2487e-06
2.4799e-06
2.6917e-06
1.4847e-06
1.6949e-06
2.4048e-06
3.1336e-06
4.0768e-06
1.346e-06
-8.9599e-07
1.6911e-06
9.4453e-07
7.8463e-07
2.2942e-07
-6.0521e-08
2.2269e-06
7.5444e-07
1.846e-06
1.9007e-06
7.3913e-07
4.5465e-07
-1.6658e-06
-2.0453e-07
2.4771e-07
-5.8164e-07
1.1463e-06
1.3682e-07
-1.1013e-06
-1.3189e-07
-1.0073e-06
-6.2088e-07
-3.7202e-07
-2.7095e-06
-1.4504e-06
-1.1281e-06
-1.8823e-06
-2.6357e-07
-1.4003e-06
-7.1812e-07
1.1169e-07
-5.1316e-07
-4.1242e-07
-1.7485e-06
-1.154e-06
-4.5954e-07
-1.3506e-06
-5.7887e-07
6.9496e-07
4.3614e-08
-1.2036e-06
-3.0412e-06
-1.7182e-06
1.9674e-06
-1.9186e-07
-3.5354e-07
5.4286e-07
-4.0666e-08
1.3597e-06
-1.3885e-06
-2.9788e-07
2.7025e-07
-2.1314e-06
-6.2921e-07
-7.8723e-07
1.6121e-06
1.7022e-06
-4.0874e-07
1.2243e-06
-5.4595e-07
-6.9583e-08
1.0804e-06
4.3975e-08
1.2432e-06
-3.9777e-07
-5.8793e-07
7.8322e-07
5.1986e-07
8.2813e-07
-4.0092e-07
-6.4846e-07
-2.9367e-07
-2.204e-07
-1.2e-07
-1.5096e-06
-1.361e-07
4.7955e-07
1.3067e-08
4.2416e-07
-1.7368e-07
1.0167e-06
-1.1634e-06
-2.0873e-06
8.5388e-08
7.7652e-07
2.2734e-06
-1.5559e-06
-1.9656e-06
8.1795e-08
-2.1242e-06
-3.7027e-07
-1.9047e-06
-9.3809e-07
4.6718e-07
-2.1974e-06
6.8437e-07
-9.6983e-09
-2.4351e-07
-7.1118e-07
-3.4548e-06
-9.4857e-07
-2.0518e-06
-1.1152e-06
-3.6697e-09
-2.3044e-06
-6.8776e-07
-2.2209e-06
-1.2375e-06
1.8166e-07
-1.6392e-06
-9.571e-07
-2.574e-06
-1.6389e-06
-3.5136e-07
-1.5652e-06
-1.4048e-06
-2.6096e-06
-1.1507e-06
-1.3955e-06
-3.1529e-06
-2.4176e-06
-3.3071e-06
-3.0226e-06
-5.3492e-06
-5.5391e-06
-1.9973e-06
-2.7299e-06
-3.3318e-06
-4.7518e-06
-3.0217e-06
-1.2053e-07
-1.9251e-06
-7.0694e-07
-1.1132e-06
-6.3198e-07
1.5042e-07
-2.405e-06
-9.3302e-08
-8.9241e-07
-1.8974e-06
-1.1397e-06
-2.0448e-06
1.6045e-06
9.0212e-07
-5.3842e-08
5.5531e-07
-1.2308e-06
1.1993e-06
-2.7657e-07
2.7982e-07
1.8705e-06
-1.0671e-06
1.0111e-07
-2.7853e-07
1.3131e-06
2.5748e-06
-3.1891e-07
6.1181e-07
1.8148e-06
2.6015e-06
1.7914e-06
8.6213e-07
2.4153e-06
2.6115e-06
1.8398e-06
1.3011e-06
2.9017e-06
2.9198e-06
2.5536e-07
-1.1626e-06
6.8709e-07
3.1267e-06
2.0641e-06
5.5134e-07
-4.0544e-08
6.4742e-07
1.0579e-06
-3.0023e-07
-7.58e-08
1.5216e-06
6.6955e-07
2.8654e-07
1.379e-06
1.519e-06
2.8056e-06
-2.544e-07
-1.7749e-06
9.1457e-07
-7.7214e-08
1.4168e-06
-1.4365e-07
-5.384e-08
1.5346e-06
-1.7724e-06
7.9753e-07
1.4253e-06
1.2686e-06
7.0059e-07
-2.0645e-06
7.531e-07
1.6181e-06
-2.7284e-08
-6.9091e-07
-2.0366e-07
5.9892e-07
5.3784e-07
4.2016e-08
2.8918e-07
1.2747e-06
-5.9768e-07
-8.553e-07
7.7135e-07
2.714e-06
2.6016e-06
-6.7236e-07
-4.4517e-07
2.768e-07
1.1815e-06
1.7121e-06
3.8705e-07
1.4494e-06
1.6188e-06
1.8295e-07
8.4559e-07
1.5214e-06
4.1023e-07
1.1714e-07
-8.9352e-07
-3.1541e-08
3.0655e-06
1.2399e-06
1.2065e-06
9.3756e-07
3.7601e-07
1.8378e-06
1.1836e-07
1.9636e-06
1.3784e-06
-1.2441e-07
-1.1281e-07
-4.315e-07
2.0639e-06
1.3355e-06
1.0467e-07
5.0751e-07
1.3371e-06
1.1257e-06
1.4417e-06
9.4804e-07
5.5107e-07
1.1812e-06
-6.2756e-08
1.3655e-06
1.9825e-06
1.2665e-06
-1.2697e-07
-1.3797e-06
3.2412e-07
1.5953e-06
1.3951e-06
1.224e-06
2.0353e-07
1.4665e-07
6.5623e-07
-5.5833e-07
1.0115e-06
1.5089e-06
-1.8177e-07
2.4189e-07
1.2798e-06
1.6562e-06
2.4487e-06
-7.2077e-08
-9.5682e-07
1.2918e-06
8.1983e-09
3.66e-07
4.225e-07
9.9349e-07
5.4577e-07
-1.1929e-07
5.1515e-07
1.7738e-06
2.625e-06
-2.201e-07
1.0243e-07
7.4328e-07
6.6202e-07
5.1952e-07
2.175e-07
1.2769e-07
-1.7112e-09
-4.0034e-08
2.5052e-07
1.5729e-06
1.0896e-07
1.6823e-07
3.7381e-07
6.9449e-08
1.7082e-06
1.7292e-06
7.2052e-07
2.5242e-07
-8.2684e-07
-1.6226e-07
1.7015e-06
1.9165e-09
8.0503e-07
1.1066e-06
-5.2683e-07
4.2526e-07
8.4704e-07
-3.6677e-08
-1.1191e-07
-1.2955e-06
-1.0293e-06
2.0509e-06
6.3943e-08
-5.8156e-08
1.1614e-06
3.3958e-07
-3.6035e-07
-1.5655e-07
2.9534e-07
6.7112e-07
-4.3298e-07
-2.7229e-06
3.0158e-07
9.6021e-07
-9.5291e-07
-5.8363e-07
2.9157e-07
2.6011e-07
-5.0358e-08
-3.9645e-07
5.1227e-07
7.5077e-07
-1.7491e-06
-1.0493e-06
2.0641e-08
-1.1178e-06
-6.5369e-07
-7.5247e-07
-1.7978e-06
-1.8021e-06
-1.2506e-06
7.1351e-08
3.4392e-07
-2.1334e-06
-1.4916e-06
-5.6559e-08
-1.9202e-06
-2.0718e-06
-1.1154e-06
-1.1048e-06
-1.7785e-06
-2.1658e-06
-1.077e-06
3.2374e-07
-2.4985e-06
-3.272e-06
-1.8884e-06
-3.0813e-06
-3.5311e-06
-2.3472e-06
-2.1489e-06
-3.0932e-06
-3.8463e-06
-3.5071e-06
-1.1091e-06
-3.5791e-06
-5.8779e-06
-3.4924e-06
-3.3432e-06
-5.8104e-06
-6.1959e-06
-5.8082e-06
-5.8095e-06
-7.3841e-06
-9.6581e-06
-7.8997e-06
-7.6426e-06
-1.1355e-05
-1.4698e-05
-1.7298e-05
-1.6916e-05
-1.2778e-05
-8.6904e-06
-7.5524e-06
-7.7183e-06
-6.9155e-06
-4.5993e-06
-3.2288e-06
-4.6548e-06
-3.4162e-06
-2.5015e-07
-6.9201e-07
-2.614e-06
-4.2056e-07
1.626e-06
1.3968e-07
-8.0648e-07
7.5995e-07
2.522e-06
2.8588e-06
3.0929e-06
4.0787e-06
4.0215e-06
3.0117e-06
4.4353e-06
6.2844e-06
5.1828e-06
3.5747e-06
6.4225e-06
8.6323e-06
7.0665e-06
6.9842e-06
9.6376e-06
1.111e-05
1.1184e-05
1.0512e-05
1.1255e-05
1.4194e-05
1.2192e-05
9.1586e-06
1.0231e-05
8.8219e-06
7.2696e-06
9.1167e-06
8.4756e-06
6.2229e-06
6.9041e-06
7.4369e-06
7.2901e-06
6.9022e-06
5.7221e-06
7.4955e-06
8.0971e-06
4.4912e-06
3.7603e-06
7.056e-06
6.1796e-06
3.3309e-06
4.9546e-06
5.8289e-06
5.2495e-06
5.0225e-06
3.4058e-06
2.55e-06
3.0149e-06
2.7181e-06
3.7508e-06
3.6195e-06
5.5353e-07
1.2492e-06
4.18e-06
1.7936e-06
-3.9115e-07
1.2451e-06
2.1386e-06
9.7735e-07
8.1534e-07
8.4724e-07
8.6328e-07
2.0255e-06
6.8791e-07
1.9165e-07
2.4318e-06
2.1935e-06
2.3131e-06
3.3585e-06
1.5648e-06
9.5527e-07
2.7209e-06
1.5221e-06
6.7866e-07
1.4744e-06
1.2497e-06
1.6537e-06
5.9725e-07
-1.372e-06
3.2768e-07
2.7439e-06
1.1599e-06
-9.3132e-07
8.2085e-07
5.1138e-07
-1.1685e-06
-1.6011e-06
-2.4558e-06
-2.1284e-06
-1.0733e-06
-1.924e-06
-2.1054e-06
-3.635e-06
-6.4584e-06
-5.0488e-06
-3.8781e-06
-8.1762e-06
-9.5087e-06
-8.218e-06
-9.9685e-06
-1.2891e-05
-1.3484e-05
-1.4801e-05
-1.749e-05
-1.931e-05
-2.1942e-05
-2.5543e-05
-2.9413e-05
-3.5224e-05
-4.8098e-05
-6.8319e-05
-7.0468e-05
-5.3232e-05
-3.8129e-05
-2.9745e-05
-2.0965e-05
-1.3147e-05
-8.9457e-06
-6.3394e-06
-2.4639e-06
9.7053e-07
5.0145e-06
7.7809e-06
9.7627e-06
1.0819e-05
1.3988e-05
1.5679e-05
1.7606e-05
1.9406e-05
2.1357e-05
2.3266e-05
2.6368e-05
2.6409e-05
2.7279e-05
2.7828e-05
3.0674e-05
3.3687e-05
3.6136e-05
3.4425e-05
3.7069e-05
3.9777e-05
4.1622e-05
4.1643e-05
4.7658e-05
5.0622e-05
5.1451e-05
4.9756e-05
5.3887e-05
5.3217e-05
5.1855e-05
4.518e-05
4.4226e-05
3.6847e-05
3.3296e-05
2.5507e-05
2.4228e-05
1.6866e-05
1.7402e-05
4.9653e-06
2.9342e-06
-4.596e-06
-3.0369e-06
-2.1553e-05
-1.9217e-05
-3.2165e-05
-3.2856e-05
-6.7165e-05
-6.6514e-05
-9.2413e-05
-9.1692e-05
-0.00020978
-0.00025815
-0.00024202
-0.0001012
-0.00016451
-3.8503e-05
-2.7403e-05
0.00021593
-0.00033539
0.00031279
-0.00016893
