1200
0
1.26177
-0.309342
-0.263693
-0.229585
-0.197479
-0.171363
-0.147636
-0.128
-0.11033
-0.0956313
-0.0824387
-0.0714559
-0.0615927
-0.0533959
-0.0460147
-0.0399031
-0.0343744
-0.0298218
-0.0256769
-0.0222893
-0.0191786
-0.0166609
-0.0143234
-0.0124552
-0.010696
-0.00931252
-0.00798599
-0.00696404
-0.00596142
-0.005209
-0.00444897
-0.00389737
-0.00331915
-0.00291708
-0.00247519
-0.00218436
-0.00184481
-0.00163666
-0.001374
-0.00122722
-0.00102241
-0.0009211
-0.000759885
-0.000692198
-0.000563893
-0.000521005
-0.000417605
-0.000392945
-0.000308443
-0.000297123
-0.000227013
-0.000225399
-0.000166293
-0.000171688
-0.00012104
-0.000131444
-8.73358e-05
-0.000101269
-6.22534e-05
-7.86243e-05
-4.36071e-05
-6.16118e-05
-2.9764e-05
-4.8813e-05
-1.95047e-05
-3.91678e-05
-1.19184e-05
-3.18834e-05
-6.32508e-06
-2.63674e-05
-2.21686e-06
-2.21766e-05
7.85399e-07
-1.89795e-05
2.96472e-06
-1.65284e-05
4.53235e-06
-1.46377e-05
5.64588e-06
-1.31687e-05
6.42289e-06
-1.20173e-05
6.95103e-06
-1.11058e-05
7.29561e-06
-1.03758e-05
7.50529e-06
-9.78362e-06
7.61627e-06
-9.29645e-06
7.65546e-06
-8.88964e-06
7.64286e-06
-8.54466e-06
7.59329e-06
-8.24754e-06
7.51771e-06
-7.98778e-06
7.42424e-06
-7.75741e-06
7.31883e-06
-7.55041e-06
7.20586e-06
-7.36218e-06
7.08854e-06
-7.18923e-06
6.96917e-06
-7.02888e-06
6.84941e-06
-6.87905e-06
6.73046e-06
-6.73816e-06
6.61315e-06
-6.60494e-06
6.49802e-06
-6.47841e-06
6.38548e-06
-6.35778e-06
6.27573e-06
-6.24242e-06
6.16892e-06
-6.13182e-06
6.0651e-06
-6.02556e-06
5.96428e-06
-5.92328e-06
5.86643e-06
-5.82469e-06
5.77149e-06
-5.72953e-06
5.67939e-06
-5.63758e-06
5.59003e-06
-5.54865e-06
5.50334e-06
-5.46256e-06
5.41921e-06
-5.37917e-06
5.33755e-06
-5.29833e-06
5.25827e-06
-5.21992e-06
5.18128e-06
-5.14382e-06
5.10648e-06
-5.06992e-06
5.03378e-06
-4.99813e-06
4.96311e-06
-4.92835e-06
4.89439e-06
-4.8605e-06
4.82753e-06
-4.7945e-06
4.76246e-06
-4.73027e-06
4.69912e-06
-4.66774e-06
4.63744e-06
-4.60684e-06
4.57735e-06
-4.5475e-06
4.5188e-06
-4.48968e-06
4.46172e-06
-4.43331e-06
4.40606e-06
-4.37834e-06
4.35177e-06
-4.32471e-06
4.2988e-06
-4.27238e-06
4.2471e-06
-4.2213e-06
4.19663e-06
-4.17142e-06
4.14735e-06
-4.12271e-06
4.0992e-06
-4.07512e-06
4.05217e-06
-4.02862e-06
4.00619e-06
-3.98317e-06
3.96125e-06
-3.93873e-06
3.9173e-06
-3.89527e-06
3.87432e-06
-3.85276e-06
3.83227e-06
-3.81116e-06
3.79113e-06
-3.77046e-06
3.75085e-06
-3.73061e-06
3.71143e-06
-3.6916e-06
3.67282e-06
-3.65339e-06
3.63501e-06
-3.61597e-06
3.59797e-06
-3.57931e-06
3.56168e-06
-3.54338e-06
3.52611e-06
-3.50817e-06
3.49125e-06
-3.47365e-06
3.45707e-06
-3.43981e-06
3.42355e-06
-3.40662e-06
3.39068e-06
-3.37407e-06
3.35844e-06
-3.34213e-06
3.32681e-06
-3.3108e-06
3.29577e-06
-3.28005e-06
3.26531e-06
-3.24987e-06
3.23541e-06
-3.22025e-06
3.20607e-06
-3.19117e-06
3.17725e-06
-3.16262e-06
3.14896e-06
-3.13458e-06
3.12119e-06
-3.10706e-06
3.09391e-06
-3.08003e-06
3.06713e-06
-3.0535e-06
3.04084e-06
-3.02745e-06
3.01503e-06
-3.00188e-06
2.98971e-06
-2.9768e-06
2.96487e-06
-2.95222e-06
2.94053e-06
-2.92813e-06
2.9167e-06
-2.90456e-06
2.8934e-06
-2.88153e-06
2.87065e-06
-2.85907e-06
2.84849e-06
-2.8372e-06
2.82692e-06
-2.81595e-06
2.80598e-06
-2.79532e-06
2.78565e-06
-2.77526e-06
2.76584e-06
-2.75567e-06
2.74642e-06
-2.73635e-06
2.72711e-06
-2.71695e-06
2.7075e-06
-2.697e-06
2.68707e-06
-2.67595e-06
2.66525e-06
-2.65324e-06
2.64159e-06
-2.62858e-06
2.61599e-06
-2.60218e-06
2.58904e-06
-2.57505e-06
2.56219e-06
-2.54906e-06
2.53769e-06
-2.52669e-06
2.51801e-06
-2.51013e-06
2.50476e-06
-2.50006e-06
2.49738e-06
-2.49448e-06
2.49234e-06
-2.4885e-06
2.48385e-06
-2.47606e-06
2.46646e-06
-2.45335e-06
2.4389e-06
-2.42231e-06
2.40655e-06
-2.39133e-06
2.37971e-06
-2.37091e-06
2.36693e-06
-2.36554e-06
2.36712e-06
-2.368e-06
2.36772e-06
-2.36271e-06
2.35364e-06
-2.33897e-06
2.32193e-06
-2.30334e-06
2.2879e-06
-2.27646e-06
2.27205e-06
-2.27242e-06
2.27692e-06
-2.28024e-06
2.2803e-06
-2.27283e-06
2.25916e-06
-2.23982e-06
2.22072e-06
-2.20491e-06
2.19753e-06
-2.19752e-06
2.20386e-06
-2.20968e-06
2.21103e-06
-2.20263e-06
2.18637e-06
-2.1648e-06
2.14622e-06
-2.1349e-06
2.1349e-06
-2.14181e-06
2.15059e-06
-2.15189e-06
2.14293e-06
-2.12322e-06
2.10119e-06
-2.08396e-06
2.07932e-06
-2.08524e-06
2.09641e-06
-2.10123e-06
2.09437e-06
-2.07449e-06
2.05126e-06
-2.034e-06
2.03152e-06
-2.0405e-06
2.05281e-06
-2.05489e-06
2.04249e-06
-2.01836e-06
1.99643e-06
-1.98682e-06
1.99401e-06
-2.0076e-06
2.0149e-06
-2.00468e-06
1.98143e-06
-1.95702e-06
1.94749e-06
-1.95493e-06
1.9708e-06
-1.97669e-06
1.96452e-06
-1.93813e-06
1.91617e-06
-1.91141e-06
1.9251e-06
-1.93984e-06
1.93953e-06
-1.91818e-06
1.89117e-06
-1.87676e-06
1.885e-06
-1.90267e-06
1.91007e-06
-1.89396e-06
1.86577e-06
-1.84624e-06
1.85093e-06
-1.86953e-06
1.88033e-06
-1.86623e-06
1.83739e-06
-1.81667e-06
1.8218e-06
-1.84165e-06
1.85201e-06
-1.83554e-06
1.80557e-06
-1.78772e-06
1.7977e-06
-1.81872e-06
1.82399e-06
-1.80107e-06
1.7713e-06
-1.76175e-06
1.77967e-06
-1.79852e-06
1.79261e-06
-1.76203e-06
1.73831e-06
-1.74313e-06
1.76712e-06
-1.77532e-06
1.75354e-06
-1.72142e-06
1.7141e-06
-1.73447e-06
1.75343e-06
-1.74072e-06
1.7078e-06
-1.68971e-06
1.70557e-06
-1.72888e-06
1.7253e-06
-1.69263e-06
1.66918e-06
-1.6795e-06
1.706e-06
-1.70684e-06
1.67631e-06
-1.64884e-06
1.65764e-06
-1.68446e-06
1.68815e-06
-1.65673e-06
1.62937e-06
-1.63798e-06
1.66641e-06
-1.66784e-06
1.63554e-06
-1.60902e-06
1.62229e-06
-1.64986e-06
1.64712e-06
-1.61118e-06
1.59041e-06
-1.60924e-06
1.63546e-06
-1.62312e-06
1.586e-06
-1.57364e-06
1.60065e-06
-1.61936e-06
1.59632e-06
-1.56025e-06
1.5627e-06
-1.59359e-06
1.60005e-06
-1.56504e-06
1.53926e-06
-1.55735e-06
1.58614e-06
-1.57273e-06
1.53389e-06
-1.52599e-06
1.55763e-06
-1.57063e-06
1.53881e-06
-1.50792e-06
1.52478e-06
-1.55503e-06
1.54342e-06
-1.5026e-06
1.49686e-06
-1.52967e-06
1.54073e-06
-1.50433e-06
1.47817e-06
-1.50102e-06
1.52898e-06
-1.5068e-06
1.46832e-06
-1.4745e-06
1.51017e-06
-1.50584e-06
1.46429e-06
-1.45292e-06
1.48771e-06
-1.49991e-06
1.4627e-06
-1.4367e-06
1.46467e-06
-1.48945e-06
1.46097e-06
-1.42481e-06
1.44307e-06
-1.47585e-06
1.45766e-06
-1.41569e-06
1.42378e-06
-1.46066e-06
1.45236e-06
-1.4079e-06
1.4069e-06
-1.44518e-06
1.44522e-06
-1.40035e-06
1.3921e-06
-1.43031e-06
1.43669e-06
-1.39234e-06
1.37893e-06
-1.41662e-06
1.42725e-06
-1.38348e-06
1.36697e-06
-1.4044e-06
1.41724e-06
-1.37358e-06
1.35599e-06
-1.39378e-06
1.40685e-06
-1.36259e-06
1.34591e-06
-1.38477e-06
1.39603e-06
-1.35052e-06
1.3368e-06
-1.37722e-06
1.3845e-06
-1.33741e-06
1.32885e-06
-1.37077e-06
1.37172e-06
-1.32341e-06
1.32228e-06
-1.36477e-06
1.35701e-06
-1.30881e-06
1.31724e-06
-1.3582e-06
1.3397e-06
-1.29424e-06
1.31376e-06
-1.34983e-06
1.31957e-06
-1.28084e-06
1.31179e-06
-1.33852e-06
1.29735e-06
-1.27048e-06
1.31113e-06
-1.32369e-06
1.27521e-06
-1.26544e-06
1.31127e-06
-1.30561e-06
1.25651e-06
-1.26737e-06
1.31068e-06
-1.28516e-06
1.24452e-06
-1.27545e-06
1.30604e-06
-1.26323e-06
1.2405e-06
-1.28488e-06
1.29272e-06
-1.24087e-06
1.24288e-06
-1.28818e-06
1.26802e-06
-1.22107e-06
1.24882e-06
-1.27975e-06
1.23594e-06
-1.21042e-06
1.25622e-06
-1.26021e-06
1.20797e-06
-1.2154e-06
1.26197e-06
-1.23473e-06
1.19517e-06
-1.23301e-06
1.25771e-06
-1.20751e-06
1.19818e-06
-1.24711e-06
1.23391e-06
-1.18288e-06
1.20908e-06
-1.24187e-06
1.19559e-06
-1.17244e-06
1.22167e-06
-1.21835e-06
1.16612e-06
-1.18664e-06
1.22869e-06
-1.18795e-06
1.16207e-06
-1.21131e-06
1.21358e-06
-1.15812e-06
1.17514e-06
-1.21528e-06
1.17263e-06
-1.14268e-06
1.19194e-06
-1.19167e-06
1.13782e-06
-1.1594e-06
1.20179e-06
-1.158e-06
1.13629e-06
-1.18828e-06
1.18157e-06
-1.12671e-06
1.15437e-06
-1.18627e-06
1.13408e-06
-1.12019e-06
1.17392e-06
-1.15484e-06
1.10939e-06
-1.15122e-06
1.17463e-06
-1.11816e-06
1.12276e-06
-1.17071e-06
1.13259e-06
-1.096e-06
1.14627e-06
-1.14645e-06
1.09129e-06
-1.11929e-06
1.1585e-06
-1.10726e-06
1.09763e-06
-1.15114e-06
1.12414e-06
-1.07771e-06
1.12364e-06
-1.13301e-06
1.07496e-06
-1.09635e-06
1.1409e-06
-1.09187e-06
1.07832e-06
-1.13337e-06
1.10792e-06
-1.0601e-06
1.10684e-06
-1.11514e-06
1.05671e-06
-1.08208e-06
1.12438e-06
-1.07175e-06
1.06448e-06
-1.11859e-06
1.08405e-06
-1.04297e-06
1.0957e-06
-1.09264e-06
1.03781e-06
-1.07673e-06
1.10684e-06
-1.04732e-06
1.05665e-06
-1.10306e-06
1.05247e-06
-1.03068e-06
1.08917e-06
-1.0649e-06
1.02391e-06
-1.07868e-06
1.08151e-06
-1.02087e-06
1.05502e-06
-1.08013e-06
1.01825e-06
-1.03154e-06
1.08242e-06
-1.03234e-06
1.02089e-06
-1.07772e-06
1.04091e-06
-1.00133e-06
1.05826e-06
-1.04663e-06
9.9644e-07
-1.04751e-06
1.06115e-06
-9.98032e-07
1.02791e-06
-1.05732e-06
9.94299e-07
-1.00665e-06
1.05865e-06
-1.00665e-06
9.98551e-07
-1.05488e-06
1.01118e-06
-9.78644e-07
1.03912e-06
-1.01676e-06
9.74921e-07
-1.03387e-06
1.0291e-06
-9.69275e-07
1.01443e-06
-1.02535e-06
9.63614e-07
-1.00163e-06
1.03469e-06
-9.70887e-07
9.89933e-07
-1.02908e-06
9.66001e-07
-9.70755e-07
1.02705e-06
-9.7568e-07
9.67113e-07
-1.02435e-06
9.76369e-07
-9.48864e-07
1.01174e-06
-9.80291e-07
9.47623e-07
-1.01073e-06
9.87113e-07
-9.36461e-07
9.94003e-07
-9.83799e-07
9.33105e-07
-9.9124e-07
9.93408e-07
-9.30418e-07
9.76503e-07
-9.8567e-07
9.23867e-07
-9.69958e-07
9.94098e-07
-9.27372e-07
9.60192e-07
-9.85404e-07
9.18725e-07
-9.49966e-07
9.90275e-07
-9.25068e-07
9.45369e-07
-9.82844e-07
9.15816e-07
-9.32731e-07
9.83684e-07
-9.22343e-07
9.32154e-07
-9.78324e-07
9.13384e-07
-9.18509e-07
9.75844e-07
-9.18678e-07
9.20617e-07
-9.72454e-07
9.10201e-07
-9.06947e-07
9.67801e-07
-9.13867e-07
9.10763e-07
-9.65872e-07
9.05555e-07
-8.9759e-07
9.60162e-07
-9.07842e-07
9.02563e-07
-9.59035e-07
8.99125e-07
-8.90121e-07
9.532e-07
-9.00588e-07
8.96002e-07
-9.52101e-07
8.90845e-07
-8.84466e-07
9.46918e-07
-8.92107e-07
8.9107e-07
-9.44897e-07
8.80829e-07
-8.80778e-07
9.41027e-07
-8.82405e-07
8.87712e-07
-9.36926e-07
8.69382e-07
-8.79352e-07
9.34859e-07
-8.71494e-07
8.85754e-07
-9.27456e-07
8.57114e-07
-8.80414e-07
9.27349e-07
-8.59423e-07
8.84959e-07
-9.15698e-07
8.4514e-07
-8.83891e-07
9.171e-07
-8.46627e-07
8.85123e-07
-9.0133e-07
8.35145e-07
-8.89243e-07
9.02763e-07
-8.34468e-07
8.86374e-07
-8.84912e-07
8.29289e-07
-8.95192e-07
8.83797e-07
-8.25601e-07
8.89088e-07
-8.6775e-07
8.29329e-07
-8.99358e-07
8.61057e-07
-8.2337e-07
8.92666e-07
-8.507e-07
8.34982e-07
-8.98045e-07
8.36818e-07
-8.29743e-07
8.93587e-07
-8.33016e-07
8.43179e-07
-8.87499e-07
8.14805e-07
-8.43277e-07
8.85745e-07
-8.14205e-07
8.50814e-07
-8.67631e-07
8.00726e-07
-8.59482e-07
8.65286e-07
-7.98946e-07
8.58595e-07
-8.4414e-07
8.00293e-07
-8.71963e-07
8.35362e-07
-7.96694e-07
8.67333e-07
-8.22242e-07
8.11954e-07
-8.71982e-07
8.04104e-07
-8.11131e-07
8.68469e-07
-8.001e-07
8.25635e-07
-8.53815e-07
7.81851e-07
-8.3415e-07
8.50001e-07
-7.80069e-07
8.37327e-07
-8.25981e-07
7.80016e-07
-8.52777e-07
8.15067e-07
-7.78078e-07
8.49562e-07
-8.00639e-07
7.96423e-07
-8.52008e-07
7.79468e-07
-7.99694e-07
8.48123e-07
-7.75392e-07
8.13291e-07
-8.2646e-07
7.61501e-07
-8.27946e-07
8.18507e-07
-7.5984e-07
8.28562e-07
-7.95902e-07
7.73116e-07
-8.40674e-07
7.76582e-07
-7.7543e-07
8.37057e-07
-7.68576e-07
7.94885e-07
-8.20568e-07
7.48941e-07
-8.08549e-07
8.12592e-07
-7.46955e-07
8.12612e-07
-7.86393e-07
7.57247e-07
-8.27913e-07
7.66976e-07
-7.60576e-07
8.247e-07
-7.56936e-07
7.82239e-07
-8.08337e-07
7.36376e-07
-7.97532e-07
7.98726e-07
-7.34573e-07
8.02322e-07
-7.71808e-07
7.48304e-07
-8.16508e-07
7.49697e-07
-7.54305e-07
8.12565e-07
-7.40503e-07
7.7526e-07
-7.89787e-07
7.24218e-07
-7.94331e-07
7.76582e-07
-7.24356e-07
7.9724e-07
-7.52723e-07
7.46638e-07
-8.02952e-07
7.26819e-07
-7.57679e-07
7.95845e-07
-7.20556e-07
7.7316e-07
-7.64959e-07
7.18669e-07
-7.94586e-07
7.45455e-07
-7.23688e-07
7.93873e-07
-7.29379e-07
7.50631e-07
-7.79478e-07
7.06044e-07
-7.69428e-07
7.66032e-07
-7.04922e-07
7.7635e-07
-7.37334e-07
7.26064e-07
-7.86201e-07
7.10185e-07
-7.39066e-07
7.78367e-07
-7.02572e-07
7.56708e-07
-7.45347e-07
7.03169e-07
-7.79116e-07
7.22555e-07
-7.11501e-07
7.77522e-07
-7.07342e-07
7.39047e-07
-7.54671e-07
6.88832e-07
-7.62142e-07
7.36208e-07
-6.91911e-07
7.66659e-07
-7.11748e-07
7.21455e-07
-7.61626e-07
6.83994e-07
-7.41328e-07
7.46953e-07
-6.81476e-07
7.52232e-07
-7.14476e-07
7.03667e-07
-7.63027e-07
6.85155e-07
-7.20611e-07
7.52562e-07
-6.77533e-07
7.38426e-07
-7.16519e-07
6.87478e-07
-7.58941e-07
6.88612e-07
-7.02075e-07
7.52894e-07
-6.76415e-07
7.26371e-07
-7.18184e-07
6.74278e-07
-7.51356e-07
6.91971e-07
-6.86636e-07
7.49342e-07
-6.75564e-07
7.15887e-07
-7.18962e-07
6.64139e-07
-7.42416e-07
6.93944e-07
-6.74366e-07
7.43697e-07
-6.73837e-07
7.06713e-07
-7.18311e-07
6.56291e-07
-7.33679e-07
6.9391e-07
-6.64825e-07
7.37394e-07
-6.7092e-07
6.98833e-07
-7.15965e-07
6.49855e-07
-7.26051e-07
6.91659e-07
-6.5742e-07
7.31338e-07
-6.66791e-07
6.92354e-07
-7.11893e-07
6.44203e-07
-7.19982e-07
6.87156e-07
-6.51746e-07
7.25936e-07
-6.61504e-07
6.87334e-07
-7.06125e-07
6.39094e-07
-7.15581e-07
6.8043e-07
-6.47686e-07
7.2123e-07
-6.5508e-07
6.83728e-07
-6.98651e-07
6.34662e-07
-7.12668e-07
6.71498e-07
-6.45442e-07
7.16876e-07
-6.47498e-07
6.8134e-07
-6.8943e-07
6.31358e-07
-7.10703e-07
6.60413e-07
-6.45368e-07
7.12094e-07
-6.38691e-07
6.79898e-07
-6.785e-07
6.29837e-07
-7.0869e-07
6.47376e-07
-6.47806e-07
7.05592e-07
-6.28804e-07
6.79233e-07
-6.66217e-07
6.3074e-07
-7.05212e-07
6.33002e-07
-6.52923e-07
6.95833e-07
-6.18767e-07
6.79616e-07
-6.53397e-07
6.34451e-07
-6.98664e-07
6.18843e-07
-6.60615e-07
6.81799e-07
-6.10952e-07
6.81716e-07
-6.40975e-07
6.40648e-07
-6.87803e-07
6.07613e-07
-6.7023e-07
6.63598e-07
-6.0881e-07
6.85128e-07
-6.28832e-07
6.47738e-07
-6.7226e-07
6.0236e-07
-6.79496e-07
6.421e-07
-6.14503e-07
6.85973e-07
-6.15199e-07
6.53433e-07
-6.53119e-07
6.04718e-07
-6.83741e-07
6.18677e-07
-6.26896e-07
6.77836e-07
-6.00202e-07
6.57957e-07
-6.33735e-07
6.14113e-07
-6.78201e-07
5.97595e-07
-6.43325e-07
6.58374e-07
-5.91127e-07
6.64699e-07
-6.17518e-07
6.27259e-07
-6.61995e-07
5.86607e-07
-6.60332e-07
6.31621e-07
-5.96676e-07
6.70301e-07
-6.01635e-07
6.37926e-07
-6.38489e-07
5.90029e-07
-6.69073e-07
6.02243e-07
-6.14579e-07
6.6133e-07
-5.84006e-07
6.45432e-07
-6.15454e-07
6.04745e-07
-6.60737e-07
5.79158e-07
-6.37362e-07
6.35082e-07
-5.79201e-07
6.5563e-07
-5.97789e-07
6.21627e-07
-6.37395e-07
5.75162e-07
-6.55652e-07
6.01581e-07
-5.96107e-07
6.55055e-07
-5.78025e-07
6.32073e-07
-6.0976e-07
5.89925e-07
-6.53273e-07
5.71903e-07
-6.22793e-07
6.2945e-07
-5.68298e-07
6.4405e-07
-5.8948e-07
6.10629e-07
-6.29108e-07
5.65148e-07
-6.45588e-07
5.92374e-07
-5.86732e-07
6.45219e-07
-5.6815e-07
6.23245e-07
-5.98752e-07
5.82731e-07
-6.42545e-07
5.60788e-07
-6.17421e-07
6.15649e-07
-5.60805e-07
6.3714e-07
-5.77481e-07
6.05414e-07
-6.13901e-07
5.59175e-07
-6.39439e-07
5.74856e-07
-5.86177e-07
6.31545e-07
-5.54923e-07
6.18771e-07
-5.83378e-07
5.83003e-07
-6.27073e-07
5.48524e-07
-6.20098e-07
5.93348e-07
-5.60124e-07
6.32086e-07
